# Périmètre de veille : un formacode par ligne.
# - 5 chiffres = formacode exact (ex. 11421)
# - 3 chiffres = tout le domaine (ex. 114 couvre 11421, 11454, ...)
# Fichier vide (hors commentaires) = répertoire RNCP entier.
11014
11031
11067
11421
11452
11466
11472
11502
11531
11534
11541
11547
11557
11561
12023
12032
12046
12081
12083
12225
12252
12275
12518
12522
12526
12531
12532
12534
12547
12556
12562
12576
12578
12584
12585
12587
12598
13024
13027
13032
13036
13041
13082
13087
13115
13121
13127
13133
13138
13141
13162
13166
13175
13183
13207
13215
13231
13237
13267
13274
13279
13312
13313
13315
13321
13324
13326
13327
13331
13346
13351
13361
13362
13366
13379
13380
13386
13389
14227
14256
14420
14456
15031
15034
15041
15061
15066
15081
15084
15091
15234
15401
15412
15418
15422
15424
15436
15437
15447
15448
15455
15457
15462
15466
15472
15477
15479
15487
15489
15495
15496
15497
21012
21022
21024
21027
21040
21041
21046
21052
21053
21056
21059
21062
21084
21336
21347
21376
21505
21506
21515
21516
21517
21523
21524
21527
21528
21532
21538
21542
21543
21549
21551
21558
21567
21570
21573
21575
21576
21577
21622
21625
21627
21631
21634
21638
21651
21667
21674
21676
21736
21742
21752
21757
21766
21775
21817
21823
21838
21842
21867
21871
21882
21884
21886
22002
22013
22022
22024
22028
22050
22062
22067
22076
22095
22097
22214
22217
22223
22225
22232
22237
22241
22248
22250
22252
22255
22256
22257
22259
22269
22270
22274
22278
22279
22295
22307
22312
22329
22334
22339
22348
22357
22361
22371
22374
22411
22435
22441
22442
22478
22485
22486
22493
22494
22498
22499
22601
22624
22633
22635
22636
22638
22642
22657
22677
22685
22694
22820
22821
22834
22852
22867
22871
22881
22884
22892
23021
23035
23042
23044
23048
23062
23064
23076
23083
23542
23546
23583
23613
23622
23624
23635
23641
23642
23646
23651
23653
23662
23663
23675
23677
23684
23692
24016
24021
24024
24027
24052
24066
24072
24109
24134
24141
24147
24158
24162
24167
24246
24252
24276
24277
24286
24293
24296
24314
24335
24340
24346
24351
24356
24360
24374
24386
24387
24391
24392
24396
24422
24424
24425
24426
24427
24431
24447
24451
24457
24461
24472
24478
24485
24487
24489
24491
30801
30802
30803
30804
30805
30806
30807
30808
30809
30810
30811
30812
30813
30815
30820
30821
30823
30825
30827
30831
30855
30857
30860
30867
30869
30881
30882
30884
30885
30886
30887
30896
31002
31003
31004
31005
31006
31008
31023
31028
31032
31034
31036
31038
31049
31053
31056
31057
31059
31067
31069
31081
31084
31085
31333
31350
31361
31371
31374
31383
31407
31418
31436
31437
31448
31449
31456
31459
31470
31475
31482
31486
31606
31608
31624
31637
31652
31664
31676
31701
31702
31734
31747
31752
31771
31776
31784
31793
31795
31815
31818
31822
31823
31827
31833
31840
31842
31845
31848
31849
31850
31856
31861
31863
31867
31872
31873
31874
31875
31894
31895
32004
32006
32008
32012
32014
32024
32025
32037
32043
32047
32048
32062
32066
32068
32072
32074
32079
32089
32090
32092
32093
32094
32095
32096
32097
32098
32102
32103
32104
32105
32106
32110
32120
32130
32131
32135
32140
32142
32145
32150
32602
32623
32626
32632
32652
32663
33001
33004
33012
33024
33035
33036
33047
33052
33053
33070
33072
33086
33091
33092
34024
34037
34052
34056
34074
34076
34085
34232
34236
34240
34271
34285
34287
34566
34573
34574
35035
35052
35071
41020
41036
41062
41077
41079
42006
42007
42008
42024
42027
42032
42056
42057
42069
42074
42077
42087
42093
42095
42097
42101
42133
42137
42158
42171
42178
42184
42186
42605
42606
42607
42609
42610
42612
42613
42623
42625
42627
42632
42638
42641
42648
42651
42659
42668
42671
42677
42681
42686
42691
42692
42693
42694
42695
42702
42719
42723
42725
42729
42745
42746
42752
42756
42766
42776
42785
42793
42802
42803
42822
42848
42856
42863
42866
42870
42872
42877
42891
43001
43026
43064
43415
43416
43425
43431
43432
43434
43435
43437
43440
43460
43469
43472
43476
43479
43484
43485
43486
43493
43497
44002
44003
44005
44009
44022
44024
44025
44026
44035
44037
44042
44047
44052
44056
44061
44067
44072
44074
44077
44086
44096
44542
44557
44590
45020
45027
45038
45042
45052
45066
45075
45085
45501
45502
45504
45511
45513
45514
45515
45516
45517
45518
45522
45523
45524
45529
45531
45539
45540
45549
45558
45560
45567
45571
45577
45582
45583
45585
45594
45597
45598
45599
46072
46084
46085
46093
46217
46233
46236
46244
46245
46264
46274
46278
46301
46302
46304
46305
46309
46324
46325
46329
46339
46351
46373
46375
